$ 1 0.000005 10.20027730826997 50 5 43
c 400 352 432 352 0 0.0000022 0.09875711569883326
r 432 352 480 352 0 1000
c 480 352 480 400 0 1e-10 -0.09730899352729147
r 528 352 528 400 0 22000
r 528 352 608 352 0 100
t 608 352 656 352 0 1 -16.849947406420682 0.5744646198775222 100
t 688 256 656 256 0 -1 0.0314284488757508 -0.5734388314385903 100
t 688 256 720 256 0 -1 0 -0.57343883144123 100
w 688 256 688 288 0
w 688 288 720 288 0
w 720 272 720 288 0
w 720 288 720 336 0
t 752 352 720 352 0 1 -16.882082679751473 0.5739510263799706 100
r 656 368 656 416 0 22
r 720 368 720 416 0 22
w 720 416 688 416 0
w 688 416 656 416 0
t 640 480 688 480 0 1 -15.517955864417582 0.5923947150213991 100
r 688 496 688 544 0 680
R 688 544 688 576 0 0 40 -17.4 0 0 0.5
w 688 464 688 416 0
r 656 240 656 176 0 100
r 720 240 720 176 0 100
w 656 176 688 176 0
w 688 176 720 176 0
R 688 176 688 144 0 0 40 17.4 0 0 0.5
w 528 352 480 352 0
w 528 400 480 400 0
w 480 400 400 400 0
g 400 400 400 432 0
w 688 544 640 544 0
v 640 544 640 480 0 0 40 1.2 0 0 0.5
w 752 352 784 352 0
r 784 352 784 416 0 1000
c 784 416 784 464 0 1e-8 -0.09845813158927552
g 784 464 784 480 0
w 656 336 656 304 0
w 656 304 656 272 0
t 816 304 864 304 0 -1 16.275367158555316 -0.6095886921392939 100
r 864 288 864 176 0 22
w 864 176 720 176 0
r 864 320 864 368 0 1000
t 864 368 912 368 0 1 -0.3206857401828042 0.6042499146494387 100
w 912 352 912 320 0
w 912 320 864 320 0
174 864 384 864 432 1 2000 0.9851000000000001 Resistance
w 864 384 864 368 0
w 880 416 896 416 0
w 896 416 896 448 0
w 896 448 864 448 0
w 912 384 912 448 0
w 912 448 896 448 0
t 832 480 864 480 0 1 -15.769091420188591 0.6095880464687227 100
w 864 448 864 464 0
r 864 496 864 544 0 330
w 688 544 864 544 0
r 784 512 832 512 0 1000
w 832 512 832 480 0
w 784 512 736 512 0
w 736 512 736 448 0
w 736 448 640 448 0
w 640 448 640 480 0
v 352 400 352 352 0 1 100 0.1 0 0 0.5
t 912 320 960 320 0 1 -16.923171059268867 0.4662661281689501 100
t 912 448 960 448 0 -1 16.951893285898887 -0.4400916167057476 100
r 960 432 960 384 0 2000
r 960 384 960 336 0 2000
w 864 544 960 544 0
w 960 544 960 464 0
w 960 304 960 176 0
w 960 176 864 176 0
w 960 384 832 384 0
r 832 384 784 352 0 22000
w 816 304 656 304 0
o 71 64 0 4099 0.01953125 0.00009765625 0 2 71 3
